23663
6115139
35823
5749391
13108594
9971123
6062533
4655558
12796744
9734456
8988238
9279116
4501210
10161355
6781683
7158254
11237652
5951555
8915978
13055452
17512726
9062081
11211061
11760031
14137566
10755866
3486879
798257
581076
11921132
7903017
9974135
16037975
6634697
6828418
9382123
407766
3510026
8869340
13818627
1542095
7934717
4683602
4557162
2301936
11083881
8763832
17543904
2463750
6922373
550150
4049379
15487320
6226819
16820860
188812
5966957
9511537
15183176
12818244
10404943
4906500
7280604
