151968
161956
172071
182270
192548
202887
213331
223839
234352
244884
255509
266119
276665
287234
297866
308414
318876
329214
339643
349945
360100
370123
380048
389803
399432
408794
417998
426928
435613
443981
451990
459652
466899
473534
479619
484794
488615
488848
485491
480433
474679
468148
461092
453582
445703
437378
428722
419858
410726
401322
391680
381901
371915
361800
351524
341159
330657
320073
309407
298723
287988
277163
266353
255538
244727
233883
223111
212370
201665
191003
180476
169987
159603
149319
0
0
0
0
0
0
0
