PI :3.14159
13021
13020
13020
13020
13021
13020
13020
13020
13021
13020
13020
13020
13021
13020
13020
13020
13020
13020
13020
13020
13020
13020
13020
13020
13020
13020
13020
13020
13020
13020
13020
13020
13020
13020
13020
13020
13020
13020
13020
13020
13020
13020
13020
13020
13020
13020
13020
13020
13020
13020
13020
13020
13020
13020
13020
13020
13020
13020
13020
13020
13020
13021
13020
13020
13020
13020
13020
13020
13021
13020
13020
13020
13020
13020
13020
13020
13020
13020
13020
13020
13020
13020
13020
13020
13020
13020
13020
13020
13020
13020
13020
13020
13020
13020
13020
13020
13020
13020
13020
13020
13020
13020
13020
13020
13020
13020
13020
13020
13020
13020
13020
13020
13020
13020
