number of octant triangles : 16
To split for processor work : 16
Triangles to process : 524288
number of octant triangles : 16
To split for processor work : 64
64
45579
45579
45578
45578
45579
45578
45579
45578
45579
45579
45578
45578
45579
45578
45579
45578
45579
45579
45578
45578
45579
45578
45579
45578
45579
45579
45578
45578
45579
45578
45579
45578
45578
45579
45578
45579
45579
45579
45579
45579
45578
45579
45578
45579
45579
45579
45579
45579
45578
45579
45578
45579
45579
45579
45579
45579
45578
45579
45578
45579
45579
45579
45579
45579
