6644
6644
10658
10658
6644
6644
10658
10658
6644
6644
10658
10658
6644
6644
10658
10658
445
10337
10418
6524
6529
10426
10347
447
10347
10427
6527
6525
10418
10337
570
10209
10260
6420
6426
10270
10221
574
10221
10270
6426
6420
10259
10209
441
10220
10195
6282
6289
10207
10233
447
10234
10207
6289
6282
10194
10220
0
10643
10643
6626
6644
10658
10658
0
10658
10658
6627
6626
10643
10643
439
10209
10182
6268
6275
10195
10222
445
10222
10195
6275
6268
10182
10209
566
10196
10246
6405
6411
10257
10208
570
10208
10257
6410
6405
10246
10196
439
10323
10403
6507
6513
10413
10333
441
10333
10412
6512
6509
10404
10324
